20 0.611142 0.764169 0.07523 0.0427531
20 0.86474 0.60559 0.0767176 0.0429093
31 0.434768 0.437132 0.050063 0.021616
24 0.729677 0.593863 0.0267008 0.0213106
20 0.511739 0.121582 0.0744397 0.0432104
28 0.0997827 0.437324 0.0527184 0.0226917
34 0.228328 0.436893 0.068608 0.0211134
27 0.513984 0.594598 0.0656423 0.0214277
34 0.272637 0.594675 0.0686017 0.0223408
31 0.515043 0.271419 0.0511623 0.0213354
21 0.232819 0.728853 0.0411784 0.0198257
20 0.52388 0.448051 0.0758278 0.0439211
34 0.229225 0.75414 0.069821 0.0223293
35 0.36611 0.437147 0.0673663 0.0214848
23 0.371571 0.121513 0.0325394 0.0440095
37 0.2963 0.437108 0.0502286 0.0217453
21 0.096073 0.412685 0.0415808 0.0198862
35 0.490579 0.110669 0.0678097 0.021884
45 0.422381 0.110396 0.0508346 0.022231
23 0.290897 0.764906 0.0314957 0.045268
34 0.310277 0.110587 0.06919 0.0222262
34 0.590126 0.752861 0.0676734 0.0210562
46 0.583355 0.27121 0.068303 0.0205402
21 0.0960372 0.728994 0.0411692 0.0192348
23 0.153551 0.121309 0.0315343 0.0440798
23 0.455529 0.60547 0.0312835 0.0430136
28 0.0998624 0.110651 0.0515005 0.0216411
28 0.159317 0.437273 0.0521542 0.0224638
43 0.785411 0.594051 0.0683808 0.0214991
18 0.579447 0.437191 0.0164563 0.0192705
13 0.799619 0.619392 0.0608821 0.0236227
21 0.786708 0.569799 0.0399538 0.0189801
23 0.334945 0.605637 0.0319709 0.0434431
13 0.302938 0.46253 0.059924 0.0245434
34 0.501613 0.436922 0.0670756 0.0214728
27 0.255958 0.271445 0.0668307 0.0207685
35 0.699743 0.271673 0.0674701 0.0214819
40 0.521246 0.753306 0.0510652 0.0217016
23 0.19684 0.282171 0.0321575 0.0428853
35 0.671968 0.594676 0.0682406 0.0211517
35 0.393986 0.594933 0.0672473 0.0217669
4 0.446989 0.271701 0.0675162 0.0216659
21 0.0961756 0.570383 0.0413946 0.0194288
24 0.406972 0.753325 0.0266206 0.0208371
23 0.0934532 0.282164 0.0314719 0.0429591
24 0.313625 0.270904 0.0272258 0.0202154
23 0.61251 0.605295 0.0313759 0.0438499
28 0.0995938 0.594955 0.0523062 0.0223091
35 0.370107 0.271288 0.067867 0.0211552
13 0.777988 0.296491 0.0612455 0.0245484
27 0.349752 0.753897 0.0690359 0.0211368
30 0.159325 0.753784 0.0499835 0.0227774
23 0.21292 0.605653 0.0332389 0.0434986
24 0.252733 0.110387 0.0271784 0.0218248
37 0.851824 0.594166 0.0502281 0.0210853
37 0.771671 0.27172 0.0514872 0.0212282
31 0.455729 0.753293 0.0502866 0.0205306
6 0.241451 0.779059 0.0597903 0.0230087
28 0.14289 0.271518 0.0507532 0.0221733
19 0.821955 0.271472 0.0303406 0.0200678
38 0.24069 0.459898 0.0441248 0.0204363
24 0.570565 0.594053 0.02723 0.0212242
22 0.474333 0.78173 0.0176394 0.0333629
28 0.0998563 0.754048 0.0514618 0.0218435
44 0.204601 0.112891 0.0511057 0.0273634
18 0.66718 0.752778 0.0170325 0.0202283
18 0.921307 0.594693 0.0153738 0.0196661
25 0.643365 0.283225 0.0211219 0.0447098
31 0.323283 0.13333 0.0381687 0.0202801
30 0.158852 0.594684 0.0503346 0.0228591
22 0.610618 0.299521 0.0182024 0.0338376
18 0.567899 0.111011 0.0175686 0.0199851
22 0.260359 0.46896 0.0163492 0.0358335
1 0.283499 0.618604 0.0440163 0.0215855
26 0.718985 0.250902 0.018739 0.0125142
0 0.375719 0.460912 0.0406306 0.0212587
16 0.796827 0.251365 0.0185757 0.0112639
